1.000000000000000000000000000000 0.500000000000000000000000000000 0.333333333333333333333333333333 0.250000000000000000000000000000 0.200000000000000000000000000000 0.166666666666666666666666666667 0.142857142857142857142857142857 0.125000000000000000000000000000 0.111111111111111111111111111111 0.100000000000000000000000000000 1
0.500000000000000000000000000000 0.333333333333333333333333333333 0.250000000000000000000000000000 0.200000000000000000000000000000 0.166666666666666666666666666667 0.142857142857142857142857142857 0.125000000000000000000000000000 0.111111111111111111111111111111 0.100000000000000000000000000000 0.090909090909090909090909090909 0
0.333333333333333333333333333333 0.250000000000000000000000000000 0.200000000000000000000000000000 0.166666666666666666666666666667 0.142857142857142857142857142857 0.125000000000000000000000000000 0.111111111111111111111111111111 0.100000000000000000000000000000 0.090909090909090909090909090909 0.083333333333333333333333333333 0
0.250000000000000000000000000000 0.200000000000000000000000000000 0.166666666666666666666666666667 0.142857142857142857142857142857 0.125000000000000000000000000000 0.111111111111111111111111111111 0.100000000000000000000000000000 0.090909090909090909090909090909 0.083333333333333333333333333333 0.076923076923076923076923076923 0
0.200000000000000000000000000000 0.166666666666666666666666666667 0.142857142857142857142857142857 0.125000000000000000000000000000 0.111111111111111111111111111111 0.100000000000000000000000000000 0.090909090909090909090909090909 0.083333333333333333333333333333 0.076923076923076923076923076923 0.071428571428571428571428571429 0
0.166666666666666666666666666667 0.142857142857142857142857142857 0.125000000000000000000000000000 0.111111111111111111111111111111 0.100000000000000000000000000000 0.090909090909090909090909090909 0.083333333333333333333333333333 0.076923076923076923076923076923 0.071428571428571428571428571429 0.066666666666666666666666666667 0
0.142857142857142857142857142857 0.125000000000000000000000000000 0.111111111111111111111111111111 0.100000000000000000000000000000 0.090909090909090909090909090909 0.083333333333333333333333333333 0.076923076923076923076923076923 0.071428571428571428571428571429 0.066666666666666666666666666667 0.062500000000000000000000000000 0
0.125000000000000000000000000000 0.111111111111111111111111111111 0.100000000000000000000000000000 0.090909090909090909090909090909 0.083333333333333333333333333333 0.076923076923076923076923076923 0.071428571428571428571428571429 0.066666666666666666666666666667 0.062500000000000000000000000000 0.058823529411764705882352941176 0
0.111111111111111111111111111111 0.100000000000000000000000000000 0.090909090909090909090909090909 0.083333333333333333333333333333 0.076923076923076923076923076923 0.071428571428571428571428571429 0.066666666666666666666666666667 0.062500000000000000000000000000 0.058823529411764705882352941176 0.055555555555555555555555555556 0
0.100000000000000000000000000000 0.090909090909090909090909090909 0.083333333333333333333333333333 0.076923076923076923076923076923 0.071428571428571428571428571429 0.066666666666666666666666666667 0.062500000000000000000000000000 0.058823529411764705882352941176 0.055555555555555555555555555556 0.052631578947368421052631578947 0
