======= MATRIKS KOFAKTOR =======
-36345796.000   -75109728.000   14111878.000   89941549.000   -49423088.000   111466079.000   -7041368.000   -21457366.000   -14935866.000   -19836360.000   
-29534504.000   47233566.000   3993188.000   5924954.000   26872016.000   -52316474.000   -53127010.000   15877156.000   5478822.000   13944696.000   
-61700088.000   37971726.000   -21486006.000   -26096502.000   51168576.000   17932170.000   -5353428.000   -6415242.000   5505996.000   -6889038.000   
25152258.000   -104509992.000   -17283420.000   51696504.000   -66289860.000   27170862.000   57128862.000   -14407638.000   -18125736.000   40535454.000   
119188410.000   98789100.000   -68340450.000   -81687489.000   -49847526.000   -84220047.000   -21894660.000   -23637792.000   116001726.000   12858318.000   
-61273078.000   -36720708.000   29599714.000   -9234320.000   104765224.000   2013662.000   -15562466.000   18165956.000   -66313860.000   -13168746.000   
-23505234.000   -1600902.000   23989458.000   -14717187.000   -1489068.000   68494533.000   -56783946.000   41755338.000   -27376356.000   6225324.000   
-47108488.000   41543772.000   53042890.000   -67399142.000   61679632.000   -59663008.000   -26601644.000   8796980.000   30747636.000   -18905934.000   
154558586.000   35086956.000   -16538984.000   -42504770.000   -117240878.000   -65963200.000   90744946.000   -89061664.000   47114136.000   16280814.000   
-33690228.000   -20189028.000   -27712596.000   53964813.000   22144038.000   18598671.000   18013662.000   58034982.000   -64818060.000   -46437024.000   
